2.44E-04
6.04E-05
2.66E-05
1.49E-05
9.49E-06
6.58E-06
4.83E-06
3.69E-06
2.91E-06
2.36E-06
1.95E-06
1.64E-06
1.39E-06
1.20E-06
1.05E-06
9.20E-07
8.15E-07
7.27E-07
6.52E-07
5.89E-07
5.34E-07
4.86E-07
4.45E-07
4.09E-07
3.77E-07
3.48E-07
3.23E-07
3.00E-07
2.80E-07
2.61E-07
2.45E-07
2.30E-07
2.16E-07
2.04E-07
1.92E-07
1.82E-07
1.72E-07
1.63E-07
1.55E-07
1.47E-07
1.40E-07
1.33E-07
1.27E-07
1.22E-07
1.16E-07
1.11E-07
1.07E-07
1.02E-07
9.80E-08
9.41E-08
9.05E-08
8.70E-08
8.38E-08
8.07E-08
7.78E-08
7.50E-08
7.24E-08
6.99E-08
6.76E-08
6.54E-08
6.32E-08
6.12E-08
5.93E-08
5.74E-08
5.57E-08
5.40E-08
5.24E-08
5.09E-08
4.94E-08
4.80E-08
4.67E-08
4.54E-08
4.41E-08
4.30E-08
4.18E-08
4.07E-08
3.97E-08
3.87E-08
3.77E-08
3.68E-08
3.59E-08
3.50E-08
3.42E-08
3.33E-08
3.26E-08
3.18E-08
3.11E-08
3.04E-08
2.97E-08
2.90E-08
2.84E-08
2.78E-08
2.72E-08
2.66E-08
2.61E-08
2.55E-08
2.50E-08
2.45E-08
2.40E-08
2.35E-08
2.31E-08
2.26E-08
2.22E-08
2.18E-08
2.13E-08
2.09E-08
2.05E-08
2.02E-08
1.98E-08
1.94E-08
1.91E-08
1.88E-08
1.84E-08
1.81E-08
1.78E-08
1.75E-08
1.72E-08
1.69E-08
1.66E-08
1.63E-08
1.61E-08
1.58E-08
1.55E-08
1.53E-08
1.51E-08
1.48E-08
1.46E-08
1.44E-08
1.41E-08
1.39E-08
1.37E-08
1.35E-08
1.33E-08
1.31E-08
1.29E-08
1.27E-08
1.25E-08
1.24E-08
1.22E-08
1.20E-08
1.18E-08
1.17E-08
1.15E-08
1.13E-08
1.12E-08
1.10E-08
1.09E-08
1.07E-08
1.06E-08
1.05E-08
