2.45E-04
6.08E-05
2.68E-05
1.50E-05
9.55E-06
6.62E-06
4.85E-06
3.71E-06
2.93E-06
2.37E-06
1.96E-06
1.65E-06
1.40E-06
1.21E-06
1.05E-06
9.25E-07
8.20E-07
7.31E-07
6.56E-07
5.92E-07
5.37E-07
4.89E-07
4.47E-07
4.11E-07
3.79E-07
3.50E-07
3.25E-07
3.02E-07
2.81E-07
2.63E-07
2.46E-07
2.31E-07
2.17E-07
2.05E-07
1.93E-07
1.83E-07
1.73E-07
1.64E-07
1.56E-07
1.48E-07
1.41E-07
1.34E-07
1.28E-07
1.22E-07
1.17E-07
1.12E-07
1.07E-07
1.03E-07
9.85E-08
9.46E-08
9.10E-08
8.75E-08
8.42E-08
8.11E-08
7.82E-08
7.54E-08
7.28E-08
7.03E-08
6.80E-08
6.57E-08
6.36E-08
6.15E-08
5.96E-08
5.78E-08
5.60E-08
5.43E-08
5.27E-08
5.12E-08
4.97E-08
4.83E-08
4.69E-08
4.56E-08
4.44E-08
4.32E-08
4.21E-08
4.10E-08
3.99E-08
3.89E-08
3.79E-08
3.70E-08
3.61E-08
3.52E-08
3.43E-08
3.35E-08
3.27E-08
3.20E-08
3.13E-08
3.05E-08
2.99E-08
2.92E-08
2.86E-08
2.79E-08
2.73E-08
2.68E-08
2.62E-08
2.57E-08
2.51E-08
2.46E-08
2.41E-08
2.37E-08
2.32E-08
2.27E-08
2.23E-08
2.19E-08
2.15E-08
2.11E-08
2.07E-08
2.03E-08
1.99E-08
1.95E-08
1.92E-08
1.89E-08
1.85E-08
1.82E-08
1.79E-08
1.76E-08
1.73E-08
1.70E-08
1.67E-08
1.64E-08
1.62E-08
1.59E-08
1.56E-08
1.54E-08
1.51E-08
1.49E-08
1.47E-08
1.44E-08
1.42E-08
1.40E-08
1.38E-08
1.36E-08
1.34E-08
1.32E-08
1.30E-08
1.28E-08
1.26E-08
1.24E-08
1.22E-08
1.21E-08
1.19E-08
1.17E-08
1.16E-08
1.14E-08
1.13E-08
1.11E-08
1.09E-08
1.08E-08
1.07E-08
1.05E-08
