3.63E-04
8.93E-05
3.94E-05
2.17E-05
1.41E-05
9.82E-06
7.21E-06
5.52E-06
4.36E-06
3.53E-06
2.91E-06
2.45E-06
2.08E-06
1.80E-06
1.56E-06
1.37E-06
1.22E-06
1.09E-06
9.74E-07
8.79E-07
7.97E-07
7.27E-07
6.65E-07
6.10E-07
5.62E-07
5.20E-07
4.82E-07
4.48E-07
4.18E-07
3.90E-07
3.66E-07
3.43E-07
3.23E-07
3.04E-07
2.87E-07
2.71E-07
2.57E-07
2.43E-07
2.31E-07
2.20E-07
2.09E-07
1.99E-07
1.90E-07
1.81E-07
1.73E-07
1.66E-07
1.59E-07
1.52E-07
1.46E-07
1.40E-07
1.35E-07
1.30E-07
1.25E-07
1.20E-07
1.16E-07
1.12E-07
1.08E-07
1.04E-07
1.01E-07
9.75E-08
9.44E-08
9.14E-08
8.85E-08
8.57E-08
8.31E-08
8.06E-08
7.82E-08
7.59E-08
7.38E-08
7.17E-08
6.97E-08
6.77E-08
6.59E-08
6.41E-08
6.24E-08
6.08E-08
5.92E-08
5.77E-08
5.63E-08
5.49E-08
5.35E-08
5.22E-08
5.10E-08
4.98E-08
4.86E-08
4.75E-08
4.64E-08
4.53E-08
4.43E-08
4.33E-08
4.24E-08
4.15E-08
4.06E-08
3.97E-08
3.89E-08
3.81E-08
3.73E-08
3.66E-08
3.58E-08
3.51E-08
3.44E-08
3.37E-08
3.31E-08
3.25E-08
3.18E-08
3.12E-08
3.07E-08
3.01E-08
2.96E-08
2.90E-08
2.85E-08
2.80E-08
2.75E-08
2.70E-08
2.65E-08
2.61E-08
2.56E-08
2.52E-08
2.48E-08
2.44E-08
2.40E-08
2.36E-08
2.32E-08
2.28E-08
2.25E-08
2.21E-08
2.18E-08
2.14E-08
2.11E-08
2.08E-08
2.05E-08
2.01E-08
1.98E-08
1.96E-08
1.93E-08
1.90E-08
1.87E-08
1.84E-08
1.82E-08
1.79E-08
1.77E-08
1.74E-08
1.72E-08
1.69E-08
1.67E-08
1.65E-08
1.62E-08
1.60E-08
1.58E-08
1.56E-08
