4.03E-04
9.89E-05
4.38E-05
2.39E-05
1.57E-05
1.10E-05
8.04E-06
6.16E-06
4.86E-06
3.93E-06
3.25E-06
2.73E-06
2.32E-06
2.00E-06
1.74E-06
1.53E-06
1.36E-06
1.21E-06
1.09E-06
9.80E-07
8.89E-07
8.10E-07
7.41E-07
6.80E-07
6.27E-07
5.80E-07
5.37E-07
5.00E-07
4.66E-07
4.35E-07
4.08E-07
3.82E-07
3.60E-07
3.39E-07
3.20E-07
3.02E-07
2.86E-07
2.71E-07
2.57E-07
2.45E-07
2.33E-07
2.22E-07
2.12E-07
2.02E-07
1.93E-07
1.85E-07
1.77E-07
1.70E-07
1.63E-07
1.57E-07
1.50E-07
1.45E-07
1.39E-07
1.34E-07
1.29E-07
1.25E-07
1.20E-07
1.16E-07
1.12E-07
1.09E-07
1.05E-07
1.02E-07
9.86E-08
9.55E-08
9.26E-08
8.98E-08
8.72E-08
8.46E-08
8.22E-08
7.99E-08
7.76E-08
7.55E-08
7.34E-08
7.15E-08
6.96E-08
6.77E-08
6.60E-08
6.43E-08
6.27E-08
6.11E-08
5.96E-08
5.82E-08
5.68E-08
5.54E-08
5.42E-08
5.29E-08
5.17E-08
5.05E-08
4.94E-08
4.83E-08
4.72E-08
4.62E-08
4.52E-08
4.43E-08
4.33E-08
4.25E-08
4.16E-08
4.07E-08
3.99E-08
3.91E-08
3.84E-08
3.76E-08
3.69E-08
3.62E-08
3.55E-08
3.48E-08
3.42E-08
3.35E-08
3.29E-08
3.23E-08
3.18E-08
3.12E-08
3.06E-08
3.01E-08
2.96E-08
2.91E-08
2.86E-08
2.81E-08
2.76E-08
2.72E-08
2.67E-08
2.63E-08
2.59E-08
2.54E-08
2.50E-08
2.46E-08
2.43E-08
2.39E-08
2.35E-08
2.31E-08
2.28E-08
2.25E-08
2.21E-08
2.18E-08
2.15E-08
2.11E-08
2.08E-08
2.05E-08
2.02E-08
2.00E-08
1.97E-08
1.94E-08
1.91E-08
1.89E-08
1.86E-08
1.84E-08
1.81E-08
1.79E-08
1.76E-08
1.74E-08
